SkillNum(10001)
Action
{
	Buff(1, 100011, 0);
}
[
	SkillName(隐蔽);
	TriggerLevel1(3);
	TriggerLevel2(8);
	TriggerProbability({%1});
	IsActive(true);
	CDTime({%3});
	Icon(jinengxuanze_tubiao_jibu_kezhuangbei);
	Description(攻击时{%1}几率进入隐形状态，持续{%2}秒，CD{%3}秒);
	1, 0.5, 5, 10, , , , , ,
	2, 0.5, 5, 10, , , , , ,
	3, 0.5, 5, 10, , , , , ,
	4, 0.5, 5, 10, , , , , ,
	5, 0.5, 5, 10, , , , , ,
	6, 0.5, 5, 10, , , , , ,
	7, 0.5, 5, 10, , , , , ,
	8, 0.5, 5, 10, , , , , ,
	9, 0.5, 5, 10, , , , , ,
	10, 0.5, 5, 10, , , , , ,
	11, 0.5, 5, 10, , , , , ,
	12, 0.5, 5, 10, , , , , ,
	13, 0.5, 5, 10, , , , , ,
	14, 0.5, 5, 10, , , , , ,
	15, 0.5, 5, 10, , , , , ,
	16, 0.5, 5, 10, , , , , ,
]