SkillNum(20005)
Action
{
}
[
	SkillName(体能强化);
	ChangeData(TotalHp, 0.1, 1);
	Icon(jinengxuanze_tubiao_jingquedaji_bukeyong);
	Description(提升自身生命上限{%2}%);
	1, 0.1, 10, , , , , , ,
	2, 0.2, 20, , , , , , ,
	3, 0.3, 30, , , , , , ,
	4, 0.4, 40, , , , , , ,
	5, 0.5, 50, , , , , , ,
	6, 0.6, 60, , , , , , ,
	7, 0.7, 70, , , , , , ,
	8, 0.8, 80, , , , , , ,
	9, 0.9, 90, , , , , , ,
	10, 1, 100, , , , , , ,
	11, 1.1, 110, , , , , , ,
	12, 1.2, 120, , , , , , ,
	13, 1.3, 130, , , , , , ,
	14, 1.4, 140, , , , , , ,
	15, 1.5, 150, , , , , , ,
	16, 1.6, 160, , , , , , ,